0.000000000000000000e+00 0.000000000000000000e+00 0.000000000000000000e+00 0.000000000000000000e+00 0.000000000000000000e+00 0.000000000000000000e+00 0.000000000000000000e+00 0.000000000000000000e+00 0.000000000000000000e+00 0.000000000000000000e+00 0.000000000000000000e+00 0.000000000000000000e+00 0.000000000000000000e+00 0.000000000000000000e+00 0.000000000000000000e+00 0.000000000000000000e+00
0.000000000000000000e+00 3.972033350909246764e-14 8.923826014596450973e-01 9.328846834014689060e-01 9.456860315542606754e-01 9.510853803503109827e-01 9.534420100431953982e-01 9.542538230988990566e-01 9.541741147272804202e-01 9.535333244623465099e-01 9.525165472165050273e-01 9.512355291203845598e-01 9.497617255037341666e-01 9.481429583020012375e-01 9.463842431320983462e-01 9.430554808587493509e-01
0.000000000000000000e+00 3.044992033837623513e-01 9.297732276564281140e-01 9.573994587352838703e-01 9.668758652919848817e-01 9.715024007058807864e-01 9.741353131994138215e-01 9.756999801634765879e-01 9.760710682724236253e-01 9.757645156113863294e-01 9.750438633497184870e-01 9.740470624716683901e-01 9.728530470352085846e-01 9.715104193301115076e-01 9.700085117361941789e-01 9.676556270173590768e-01
0.000000000000000000e+00 2.713220299593605694e-02 9.065938119929097816e-01 9.458184882447329134e-01 9.595262077537530798e-01 9.664154617724836083e-01 9.705018683169446270e-01 9.744317282595980068e-01 9.765427276804214962e-01 9.775318953915724807e-01 9.778464829543173087e-01 9.777224302945168866e-01 9.772938713005847600e-01 9.766419887924122634e-01 9.757299624208120026e-01 9.741261070456763704e-01
0.000000000000000000e+00 2.473013947458042860e-15 8.832257916630726902e-01 9.338123256111183768e-01 9.515871856676141327e-01 9.605943361432528471e-01 9.659973688465237629e-01 9.716352726067800649e-01 9.750142157751428007e-01 9.769469369670773506e-01 9.780057509833037788e-01 9.784989625899750409e-01 9.786040383380465446e-01 9.784289438001675387e-01 9.778684218639337455e-01 9.767155535984579640e-01
0.000000000000000000e+00 1.579694305338609917e-15 8.625092697075595893e-01 9.230960017105387383e-01 9.444330322890855944e-01 9.552820278968413570e-01 9.618197364019797080e-01 9.687361001319299003e-01 9.730830049905302426e-01 9.757464135815175910e-01 9.773823464819273443e-01 9.783509246218496935e-01 9.788624503330000115e-01 9.790356792475108927e-01 9.786751022537171218e-01 9.778307032572619573e-01
0.000000000000000000e+00 1.118825344467978330e-15 8.444875320122255946e-01 9.137467739238752662e-01 9.381664859684178959e-01 9.506044875730613741e-01 9.581172010917383686e-01 9.660213216260469249e-01 9.711290254205477979e-01 9.743767829095875133e-01 9.764781589518610749e-01 9.778305915928547920e-01 9.786690604410348548e-01 9.790340892814987095e-01 9.788284731047082188e-01 9.782170233277536209e-01
0.000000000000000000e+00 8.475066077336513895e-16 8.287809574454114703e-01 9.055859163933335232e-01 9.326846850126825350e-01 9.465013076917736523e-01 9.548580759132093698e-01 9.635474445783623887e-01 9.692675880469086014e-01 9.729931568792684615e-01 9.754789451678075318e-01 9.771499406622281558e-01 9.782313057084146557e-01 9.786653543387934251e-01 9.785974707235129966e-01 9.781756015123378445e-01
0.000000000000000000e+00 6.726474276823010853e-16 8.149924371572416781e-01 8.984147336514382021e-01 9.278612501836600579e-01 9.428847304309606603e-01 9.519793736283329588e-01 9.613085376794940906e-01 9.675320182182345352e-01 9.716554177406471204e-01 9.744643097073943938e-01 9.763973251170653400e-01 9.775356746276394615e-01 9.780423062693246461e-01 9.781031225540375296e-01 9.778449841233791684e-01
0.000000000000000000e+00 5.523383496769902716e-16 8.027854978995132562e-01 8.920619506566570545e-01 9.235844289461720980e-01 9.396742878287632772e-01 9.494203031606823773e-01 9.592816852572060293e-01 9.659263283636970732e-01 9.703861478193721579e-01 9.734646188524267441e-01 9.754517381498649664e-01 9.766189397688038731e-01 9.772131793256881860e-01 9.773992998687801581e-01 9.772898476893497888e-01
0.000000000000000000e+00 4.653852143022031552e-16 7.918896810378979190e-01 8.863888275887971124e-01 9.197626849184220577e-01 9.368030633249851968e-01 9.471292843876811807e-01 9.574411923076417974e-01 9.644437368390325060e-01 9.691683307105884992e-01 9.722703467519036025e-01 9.742612703271505969e-01 9.754919522269456245e-01 9.761884053712316378e-01 9.765011495785650419e-01 9.765330327274007738e-01
0.000000000000000000e+00 4.000889197049347196e-16 7.820902309515220807e-01 8.812847266283435621e-01 9.163225782639284889e-01 9.342169332130844106e-01 9.450641590895584310e-01 9.557630420072465993e-01 9.629641900622137873e-01 9.676545892933028359e-01 9.707562067989976562e-01 9.728052132875937286e-01 9.741313848384293150e-01 9.749467495552510687e-01 9.753924266630756845e-01 9.755649405962415477e-01
0.000000000000000000e+00 3.495359083205775048e-16 7.732163081996044074e-01 8.766613986956343085e-01 9.132053095126393405e-01 9.318723477268885391e-01 9.431828076185768683e-01 9.538060425980240398e-01 9.609503513026113053e-01 9.656691360614590991e-01 9.688510923376029149e-01 9.710120016382547403e-01 9.724688420606739658e-01 9.734253142568994877e-01 9.740170442952110763e-01 9.743369453426763416e-01
0.000000000000000000e+00 3.094117046350893845e-16 7.651310242832506381e-01 8.724480038701710738e-01 9.103635586652448763e-01 9.297341425733169906e-01 9.406473390620350150e-01 9.508645892166872615e-01 9.581386832256874042e-01 9.630161019140411893e-01 9.663705693295809862e-01 9.687094617588932755e-01 9.703447345245787004e-01 9.714770079524241986e-01 9.722400411304651380e-01 9.727256784990179206e-01
0.000000000000000000e+00 2.769011788333726460e-16 7.577236820984452059e-01 8.685871814265372359e-01 9.077589398311880498e-01 9.277737248415421911e-01 9.364756954198673045e-01 9.461998325135173582e-01 9.538750032297471648e-01 9.591072449565006819e-01 9.627806865630691435e-01 9.654096210194080818e-01 9.673108045528964194e-01 9.686883561729808800e-01 9.696787151959305184e-01 9.703758748514246246e-01
0.000000000000000000e+00 2.500981834793228345e-16 7.509038929393394568e-01 8.650320480327943207e-01 9.053600358282335447e-01 9.259676510505965297e-01 9.282174287522459988e-01 9.309482729873397311e-01 9.404541214196016075e-01 9.471171103362773236e-01 9.519495555386503494e-01 9.555433453648157771e-01 9.582650108280105217e-01 9.603520880330544962e-01 9.619644786140526538e-01 9.632130665812916881e-01
