0.000000000000000000e+00 3.978873577297383690e+01 4.632545664996239339e+02 8.867203972262740308e+02 1.310186227952924128e+03 1.733652058679574111e+03 2.157117889406224094e+03 2.580583720132874078e+03 3.004049550859524516e+03 3.427515381586174499e+03 3.850981212312824482e+03 4.274447043039474920e+03 4.697912873766124903e+03 5.121378704492774887e+03 5.544844535219424870e+03 5.968310365946075763e+03
0.000000000000000000e+00 3.978873577297383690e+01 4.632545664996239339e+02 8.867203972262740308e+02 1.310186227952924128e+03 1.733652058679574111e+03 2.157117889406224094e+03 2.580583720132874078e+03 3.004049550859524516e+03 3.427515381586174499e+03 3.850981212312824482e+03 4.274447043039474920e+03 4.697912873766124903e+03 5.121378704492774887e+03 5.544844535219424870e+03 5.968310365946075763e+03
0.000000000000000000e+00 3.978873577297383690e+01 4.632545664996239339e+02 8.867203972262740308e+02 1.310186227952924128e+03 1.733652058679574111e+03 2.157117889406224094e+03 2.580583720132874078e+03 3.004049550859524516e+03 3.427515381586174499e+03 3.850981212312824482e+03 4.274447043039474920e+03 4.697912873766124903e+03 5.121378704492774887e+03 5.544844535219424870e+03 5.968310365946075763e+03
0.000000000000000000e+00 3.978873577297383690e+01 4.632545664996239339e+02 8.867203972262740308e+02 1.310186227952924128e+03 1.733652058679574111e+03 2.157117889406224094e+03 2.580583720132874078e+03 3.004049550859524516e+03 3.427515381586174499e+03 3.850981212312824482e+03 4.274447043039474920e+03 4.697912873766124903e+03 5.121378704492774887e+03 5.544844535219424870e+03 5.968310365946075763e+03
0.000000000000000000e+00 3.978873577297383690e+01 4.632545664996239339e+02 8.867203972262740308e+02 1.310186227952924128e+03 1.733652058679574111e+03 2.157117889406224094e+03 2.580583720132874078e+03 3.004049550859524516e+03 3.427515381586174499e+03 3.850981212312824482e+03 4.274447043039474920e+03 4.697912873766124903e+03 5.121378704492774887e+03 5.544844535219424870e+03 5.968310365946075763e+03
0.000000000000000000e+00 3.978873577297383690e+01 4.632545664996239339e+02 8.867203972262740308e+02 1.310186227952924128e+03 1.733652058679574111e+03 2.157117889406224094e+03 2.580583720132874078e+03 3.004049550859524516e+03 3.427515381586174499e+03 3.850981212312824482e+03 4.274447043039474920e+03 4.697912873766124903e+03 5.121378704492774887e+03 5.544844535219424870e+03 5.968310365946075763e+03
0.000000000000000000e+00 3.978873577297383690e+01 4.632545664996239339e+02 8.867203972262740308e+02 1.310186227952924128e+03 1.733652058679574111e+03 2.157117889406224094e+03 2.580583720132874078e+03 3.004049550859524516e+03 3.427515381586174499e+03 3.850981212312824482e+03 4.274447043039474920e+03 4.697912873766124903e+03 5.121378704492774887e+03 5.544844535219424870e+03 5.968310365946075763e+03
0.000000000000000000e+00 3.978873577297383690e+01 4.632545664996239339e+02 8.867203972262740308e+02 1.310186227952924128e+03 1.733652058679574111e+03 2.157117889406224094e+03 2.580583720132874078e+03 3.004049550859524516e+03 3.427515381586174499e+03 3.850981212312824482e+03 4.274447043039474920e+03 4.697912873766124903e+03 5.121378704492774887e+03 5.544844535219424870e+03 5.968310365946075763e+03
0.000000000000000000e+00 3.978873577297383690e+01 4.632545664996239339e+02 8.867203972262740308e+02 1.310186227952924128e+03 1.733652058679574111e+03 2.157117889406224094e+03 2.580583720132874078e+03 3.004049550859524516e+03 3.427515381586174499e+03 3.850981212312824482e+03 4.274447043039474920e+03 4.697912873766124903e+03 5.121378704492774887e+03 5.544844535219424870e+03 5.968310365946075763e+03
0.000000000000000000e+00 3.978873577297383690e+01 4.632545664996239339e+02 8.867203972262740308e+02 1.310186227952924128e+03 1.733652058679574111e+03 2.157117889406224094e+03 2.580583720132874078e+03 3.004049550859524516e+03 3.427515381586174499e+03 3.850981212312824482e+03 4.274447043039474920e+03 4.697912873766124903e+03 5.121378704492774887e+03 5.544844535219424870e+03 5.968310365946075763e+03
0.000000000000000000e+00 3.978873577297383690e+01 4.632545664996239339e+02 8.867203972262740308e+02 1.310186227952924128e+03 1.733652058679574111e+03 2.157117889406224094e+03 2.580583720132874078e+03 3.004049550859524516e+03 3.427515381586174499e+03 3.850981212312824482e+03 4.274447043039474920e+03 4.697912873766124903e+03 5.121378704492774887e+03 5.544844535219424870e+03 5.968310365946075763e+03
0.000000000000000000e+00 3.978873577297383690e+01 4.632545664996239339e+02 8.867203972262740308e+02 1.310186227952924128e+03 1.733652058679574111e+03 2.157117889406224094e+03 2.580583720132874078e+03 3.004049550859524516e+03 3.427515381586174499e+03 3.850981212312824482e+03 4.274447043039474920e+03 4.697912873766124903e+03 5.121378704492774887e+03 5.544844535219424870e+03 5.968310365946075763e+03
0.000000000000000000e+00 3.978873577297383690e+01 4.632545664996239339e+02 8.867203972262740308e+02 1.310186227952924128e+03 1.733652058679574111e+03 2.157117889406224094e+03 2.580583720132874078e+03 3.004049550859524516e+03 3.427515381586174499e+03 3.850981212312824482e+03 4.274447043039474920e+03 4.697912873766124903e+03 5.121378704492774887e+03 5.544844535219424870e+03 5.968310365946075763e+03
0.000000000000000000e+00 3.978873577297383690e+01 4.632545664996239339e+02 8.867203972262740308e+02 1.310186227952924128e+03 1.733652058679574111e+03 2.157117889406224094e+03 2.580583720132874078e+03 3.004049550859524516e+03 3.427515381586174499e+03 3.850981212312824482e+03 4.274447043039474920e+03 4.697912873766124903e+03 5.121378704492774887e+03 5.544844535219424870e+03 5.968310365946075763e+03
0.000000000000000000e+00 3.978873577297383690e+01 4.632545664996239339e+02 8.867203972262740308e+02 1.310186227952924128e+03 1.733652058679574111e+03 2.157117889406224094e+03 2.580583720132874078e+03 3.004049550859524516e+03 3.427515381586174499e+03 3.850981212312824482e+03 4.274447043039474920e+03 4.697912873766124903e+03 5.121378704492774887e+03 5.544844535219424870e+03 5.968310365946075763e+03
0.000000000000000000e+00 3.978873577297383690e+01 4.632545664996239339e+02 8.867203972262740308e+02 1.310186227952924128e+03 1.733652058679574111e+03 2.157117889406224094e+03 2.580583720132874078e+03 3.004049550859524516e+03 3.427515381586174499e+03 3.850981212312824482e+03 4.274447043039474920e+03 4.697912873766124903e+03 5.121378704492774887e+03 5.544844535219424870e+03 5.968310365946075763e+03
