0.000000000000000000e+00 0.000000000000000000e+00 0.000000000000000000e+00 0.000000000000000000e+00 0.000000000000000000e+00 0.000000000000000000e+00 0.000000000000000000e+00 0.000000000000000000e+00 0.000000000000000000e+00 0.000000000000000000e+00 0.000000000000000000e+00 0.000000000000000000e+00 0.000000000000000000e+00 0.000000000000000000e+00 0.000000000000000000e+00 0.000000000000000000e+00
0.000000000000000000e+00 1.685520789702403037e-12 3.569530405838580833e+01 3.731538733605875535e+01 3.782744126217042435e+01 3.804341521401244108e+01 3.813768040172780616e+01 3.817015292395596759e+01 3.816696458909120793e+01 3.814133297849386395e+01 3.810066188866021264e+01 3.804942116481538505e+01 3.799046902014936222e+01 3.792571833208005216e+01 3.785536972528392141e+01 3.772221923434996427e+01
0.000000000000000000e+00 6.345053819035311449e+01 1.937430739857500441e+02 1.994997367639947470e+02 2.014743990601567134e+02 2.024384612274998858e+02 2.029870988359609782e+02 1.719599896498598923e+02 1.484720744580993141e+02 1.317885172496065707e+02 1.193568440367984351e+02 1.097446775139096076e+02 1.020915477674904537e+02 9.585175762427113000e+01 9.065964682359725657e+01 8.620352797217543639e+01
0.000000000000000000e+00 1.022214955652570190e+01 3.415622953506706381e+02 3.563403252442437861e+02 3.615047550887757097e+02 3.641003049202031434e+02 3.656398724537536964e+02 3.044956699137281930e+02 2.580259298744482521e+02 2.249531696918850230e+02 2.002859760019518376e+02 1.812086561074845008e+02 1.660233840660713440e+02 1.536504238123118284e+02 1.433595799891241995e+02 1.345948561054041761e+02
0.000000000000000000e+00 1.685520789702403037e-12 4.814729557487390821e+02 5.090491975783488670e+02 5.187388086497223867e+02 5.236488774037311487e+02 5.265942331102855860e+02 4.360000221530606268e+02 3.669328064266119327e+02 3.176888966810405464e+02 2.809177817449797203e+02 2.524588857708927208e+02 2.297968535069017548e+02 2.113287564991850900e+02 1.959532927735866110e+02 1.828946482408887846e+02
0.000000000000000000e+00 1.685520789702403037e-12 6.154062180840442124e+02 6.586352625912027179e+02 6.738593787307768253e+02 6.816002107327831254e+02 6.862649101248803163e+02 5.666822947705768456e+02 4.753002566920830532e+02 4.100547197972928188e+02 3.612865259960917683e+02 3.235162423972549277e+02 2.934252127817908331e+02 2.688925962491740620e+02 2.484375879763119883e+02 2.311002110711417572e+02
0.000000000000000000e+00 1.685520789702403037e-12 7.447396070782251627e+02 8.058181886469949404e+02 8.273535293875293064e+02 8.383223975788789630e+02 8.449477355523824826e+02 6.967075726825526090e+02 5.832210093238900299e+02 5.021051525610158706e+02 4.414255880603857349e+02 3.944019206416814995e+02 3.569223618334151524e+02 3.263248585625387932e+02 3.008073669063991247e+02 2.792072220656353920e+02
0.000000000000000000e+00 1.685520789702403037e-12 8.704356383900728815e+02 9.511008284777219615e+02 9.795615861132175723e+02 9.940726347492038713e+02 1.002849415654166023e+03 8.261996755741097331e+02 6.907695852372089576e+02 5.938866438370150718e+02 5.213648299969572690e+02 4.651356616335663148e+02 4.202894038309782445e+02 3.836130224291284776e+02 3.530548722954191589e+02 3.272090742995588926e+02
0.000000000000000000e+00 1.685520789702403037e-12 9.931798390912586001e+02 1.094841326034289068e+03 1.130725937004767729e+03 1.149034104067826775e+03 1.160117171659061569e+03 9.552511726984828329e+02 7.980045958934656483e+02 6.854374452468687196e+02 6.011298646222378466e+02 5.357309928621430117e+02 4.834720487979157042e+02 4.407433211495662135e+02 4.051685895160194377e+02 3.750959263380190123e+02
0.000000000000000000e+00 1.685520789702403037e-12 1.113474383150376070e+03 1.237302035024647466e+03 1.281024140320055267e+03 1.303340993005045220e+03 1.316858848569547717e+03 1.083932209581860661e+03 9.049721342880077373e+02 7.767887200891204884e+02 6.807381141165960798e+02 6.060970379965756365e+02 5.464406320804964707e+02 4.976955644542687196e+02 4.571314767059618589e+02 4.228531769537931950e+02
0.000000000000000000e+00 1.685520789702403037e-12 1.231697506007795710e+03 1.378680559220528721e+03 1.430589932234308435e+03 1.457094371030990260e+03 1.473155674813529458e+03 1.212296924233245136e+03 1.011708769716611414e+03 8.679447556383265692e+02 7.600294857160602078e+02 6.761557019271822355e+02 6.091588541125588563e+02 5.544394098847117220e+02 5.089178306584556140e+02 4.704587683922212591e+02
0.000000000000000000e+00 1.685520789702403037e-12 1.348141306392601109e+03 1.519129501483602326e+03 1.579526592775381232e+03 1.610372290756875827e+03 1.629070380421099344e+03 1.340387805161010419e+03 1.118116508004764000e+03 9.585761074382012339e+02 8.388476096936112754e+02 7.458377222430515303e+02 6.715696714098141911e+02 6.109271196330344083e+02 5.604871486860572531e+02 5.178779070962366404e+02
0.000000000000000000e+00 1.685520789702403037e-12 1.463036339387558655e+03 1.658769312065441227e+03 1.727915641419392614e+03 1.763236359524490581e+03 1.784637374559023556e+03 1.467592358019147923e+03 1.223512219180052853e+03 1.048407533236437303e+03 9.170460988780596381e+02 8.150251299547323924e+02 7.335759839316492616e+02 6.670774220960661296e+02 6.117704298455082608e+02 5.650512816429659324e+02
0.000000000000000000e+00 1.685520789702403037e-12 1.576568055159591950e+03 1.797696876790432270e+03 1.875822649483498481e+03 1.915736132050569722e+03 1.938222995630451351e+03 1.592614783094346421e+03 1.327351111982730345e+03 1.137073236893971171e+03 9.943385187815292738e+02 8.834873965644428608e+02 7.949882114423810435e+02 7.227316505458159099e+02 6.626329218250887152e+02 6.118630189363886984e+02
0.000000000000000000e+00 1.685520789702403037e-12 1.688888086465522520e+03 1.935991414053964945e+03 2.023301231152865512e+03 2.067912126596363123e+03 2.087307923224766455e+03 1.713714535736155085e+03 1.428385238564091651e+03 1.223632353017921105e+03 1.069989199816930523e+03 9.506329816343320545e+02 8.553200709050886417e+02 7.774828204843536241e+02 7.127289174936338441e+02 6.580157736391738581e+02
0.000000000000000000e+00 1.685520789702403037e-12 1.800122195601223211e+03 2.073718626593949011e+03 2.170395853356401858e+03 2.219797948496668141e+03 2.225191281537005125e+03 1.812926495247868388e+03 1.513724213459248858e+03 1.298369960197145247e+03 1.136403836655901159e+03 1.010355872793926892e+03 9.095516305715987073e+02 8.271287790714807215e+02 7.584880841390133810e+02 7.004378847660204883e+02
